% Description of tables
% dataStuds = id, day available
% dataComps = id, day available, number parallel interviews, times liked

dataStuds=[
15	1	;
25	2	;
25	3	;
45	2	;
45	3	;
48	1	;
48	2	;
48	3	;
49	1	;
49	2	;
49	3	;
50	1	;
50	2	;
50	3	;
53	1	;
53	2	;
53	3	;
55	1	;
55	2	;
55	3	;
56	1	;
56	2	;
56	3	;
57	1	;
57	2	;
57	3	;
58	1	;
58	2	;
58	3	;
59	1	;
59	2	;
59	3	;
60	1	;
60	2	;
60	3	;
61	1	;
61	2	;
61	3	;
62	1	;
62	2	;
62	3	;
63	1	;
63	2	;
63	3	;
66	1	;
66	2	;
66	3	;
67	1	;
67	2	;
68	1	;
68	2	;
68	3	;
69	2	;
69	3	;
70	1	;
70	2	;
70	3	;
71	1	;
71	2	;
71	3	;
72	1	;
72	2	;
72	3	;
73	1	;
73	2	;
73	3	;
74	1	;
74	2	;
74	3	;
75	1	;
75	2	;
75	3	;
77	1	;
78	1	;
78	2	;
78	3	;
79	1	;
79	2	;
79	3	;
80	1	;
80	2	;
80	3	;
81	1	;
81	2	;
81	3	;
82	1	;
82	2	;
82	3	;
83	1	;
83	2	;
83	3	;
84	1	;
84	2	;
84	3	;
85	1	;
85	2	;
85	3	;
86	1	;
86	2	;
86	3	;
87	1	;
87	2	;
87	3	;
88	1	;
88	2	;
88	3	;
89	1	;
90	1	;
90	2	;
90	3	;
91	1	;
91	2	;
92	1	;
92	2	;
92	3	;
93	1	;
93	2	;
93	3	;
94	1	;
94	2	;
94	3	;
95	1	;
95	2	;
95	3	;
96	1	;
96	2	;
96	3	;
97	1	;
97	2	;
97	3	;
98	1	;
98	2	;
98	3	;
99	1	;
99	2	;
99	3	;
100	1	;
100	2	;
100	3	;
101	1	;
101	2	;
101	3	;
102	1	;
102	2	;
102	3	;
103	1	;
103	2	;
103	3	;
104	2	;
104	3	;
105	1	;
105	2	;
105	3	;
106	1	;
106	2	;
106	3	;
107	1	;
107	2	;
107	3	;
108	2	;
109	1	;
109	2	;
109	3	;
110	1	;
110	2	;
110	3	;
111	1	;
111	2	;
111	3	;
112	1	;
112	2	;
112	3	;
113	1	;
113	2	;
113	3	;
114	1	;
114	2	;
114	3	;
115	1	;
115	2	;
115	3	;
116	1	;
116	2	;
116	3	;
117	2	;
118	2	;
119	1	;
119	2	;
119	3	;
120	1	;
120	2	;
120	3	;
121	1	;
121	2	;
122	1	;
122	2	;
122	3	;
123	1	;
123	2	;
123	3	;
124	1	;
124	2	;
124	3	;
125	1	;
125	2	;
125	3	;
126	1	;
126	2	;
126	3	;
127	2	;
127	3	;
128	1	;
128	2	;
128	3	;
129	1	;
129	2	;
129	3	;
130	1	;
130	3	;
131	1	;
131	2	;
131	3	;
132	1	;
132	2	;
132	3	;
134	2	;
135	1	;
135	2	;
135	3	;
136	1	;
136	2	;
137	1	;
137	2	;
137	3	;
138	3	;
139	2	;
140	1	;
140	2	;
140	3	;
141	1	;
141	2	;
141	3	;
142	1	;
142	2	;
142	3	;
143	1	;
143	2	;
143	3	;
144	1	;
144	2	;
144	3	;
145	1	;
145	2	;
145	3	;
146	1	;
146	2	;
146	3	;
147	1	;
147	2	;
148	1	;
148	3	;
149	1	;
149	2	;
149	3	;
150	1	;
150	2	;
150	3	;
151	1	;
151	2	;
152	1	;
152	2	;
152	3	;
153	1	;
153	2	;
153	3	;
154	1	;
154	2	;
154	3	;
155	1	;
155	2	;
155	3	;
156	2	;
156	3	;
157	1	;
157	2	;
157	3	;
158	2	;
158	3	;
159	1	;
159	2	;
159	3	;
160	1	;
160	2	;
160	3	;
161	1	;
161	2	;
162	1	;
162	2	;
162	3	;
163	1	;
163	2	;
163	3	;
164	1	;
164	2	;
164	3	;
165	1	;
165	2	;
165	3	;
166	1	;
166	2	;
166	3	;
167	1	;
167	2	;
167	3	;
168	3	;
169	1	;
169	2	;
169	3	;
170	1	;
171	1	;
171	2	;
171	3	;
172	1	;
173	1	;
173	2	;
173	3	;
174	1	;
174	2	;
174	3	;
175	1	;
175	2	;
175	3	;
176	1	;
176	2	;
176	3	];

dataComps=[
8	1	1	44	;
9	2	1	25	;
9	3	1	25	;
10	1	2	39	;
13	2	1	18	;
14	3	1	34	;
16	2	1	5	;
17	1	2	53	;
18	1	1	6	;
19	1	1	2	;
20	3	1	10	;
21	2	1	2	;
22	3	1	25	;
23	2	1	22	;
24	2	1	23	;
26	1	1	22	;
27	2	1	31	;
28	3	1	15	;
29	3	1	20	;
30	1	1	3	;
31	2	1	6	;
32	1	1	35	;
33	1	1	17	;
33	2	1	17	;
34	1	1	7	;
35	3	2	49	;
36	1	1	18	;
36	2	1	18	;
37	1	1	24	;
37	2	1	24	;
38	2	1	7	;
39	2	1	36	;
39	3	1	36	;
40	3	1	17	;
41	2	1	51	;
42	3	1	20	;
43	3	1	18	;
44	1	1	22	;
47	3	1	2	;
51	3	1	10	;
52	3	1	7	;
54	2	1	29	;
54	3	1	29	;
64	1	1	21	;
64	2	1	21	;
133	2	1	6	;
133	3	1	6	];